   8       0 sda 1055013815 613542 109356806418 1497107968 169065353 9669039 19518569794 637640328 0 1606393768 2134741802
   8       1 sda1 1055013628 613542 109356796274 1497107644 169065353 9669039 19518569794 637640328 0 1606422086 2135210414
   8      16 sdb 5921795387 6512831 425692412671 1461360263 116821991 31425418 22523391146 1689172745 0 853497358 3147408069
   8      17 sdb1 2246 8 471613 842 1134 18 586632 58382 0 16230 59222
   8      18 sdb2 5921792993 6512823 425691931602 1461359391 107481142 31425400 22522804514 1608523793 0 849859605 3066442304
 253       0 dm-0 5920718022 0 425236993321 1486692968 111461304 0 20476986653 3780958211 0 841113420 973894692
 253       1 dm-1 5186685 0 41503856 2273208 13299519 0 106396152 1378501476 0 2836054 1383499788
 253       2 dm-2 1055658105 0 109356794170 1499115062 178734630 0 19518569794 665863627 0 1606460893 2170270433
 253       3 dm-3 2452285 0 413306428 1826183 6792385 0 1357258132 329981251 0 13693896 331809790
 253       4 dm-4 2393 0 123181 3898 7458273 0 582163577 416634129 0 6462102 416673120
