   8       0 sda 1055013807 613542 109356806338 1497107933 169062963 9668879 19517956349 637640014 0 1606393609 2134741456
   8       1 sda1 1055013620 613542 109356796194 1497107609 169062963 9668879 19517956349 637640014 0 1606421927 2135210068
   8      16 sdb 5921794492 6512831 425692369831 1461359871 116816074 31424837 22522460987 1689116183 0 853492475 3147351121
   8      17 sdb1 2246 8 471613 842 1134 18 586632 58382 0 16230 59222
   8      18 sdb2 5921792098 6512823 425691888762 1461358999 107476137 31424819 22521874355 1608469684 0 849855350 3066387808
 253       0 dm-0 5920717127 0 425236950481 1486692575 111457332 0 20476220810 3780911571 0 841110260 973847658
 253       1 dm-1 5186685 0 41503856 2273208 13299519 0 106396152 1378501476 0 2836054 1383499788
 253       2 dm-2 1055658097 0 109356794090 1499115027 178732080 0 19517956349 665863244 0 1606460738 2170270015
 253       3 dm-3 2452285 0 413306428 1826183 6791964 0 1357252790 329980249 0 13693412 331808788
 253       4 dm-4 2393 0 123181 3898 7457080 0 582004603 416624241 0 6460839 416663098
