   8       0 sda 1055013823 613542 109356806658 1497108050 169065677 9669040 19518695451 637640368 0 1606393811 2134741924
   8       1 sda1 1055013636 613542 109356796514 1497107726 169065677 9669040 19518695451 637640368 0 1606422129 2135210536
   8      16 sdb 5921795391 6512831 425692412791 1461360268 116822088 31425432 22523397378 1689172956 0 853497455 3147408284
   8      17 sdb1 2246 8 471613 842 1134 18 586632 58382 0 16230 59222
   8      18 sdb2 5921792997 6512823 425691931722 1461359396 107481218 31425414 22522810746 1608523972 0 849859694 3066442487
 253       0 dm-0 5920718026 0 425236993441 1486692973 111461351 0 20476992350 3780958331 0 841113474 973894817
 253       1 dm-1 5186685 0 41503856 2273208 13299519 0 106396152 1378501476 0 2836054 1383499788
 253       2 dm-2 1055658113 0 109356794410 1499115144 178734955 0 19518695451 665863666 0 1606460936 2170270554
 253       3 dm-3 2452285 0 413306428 1826183 6792401 0 1357258292 329981291 0 13693916 331809830
 253       4 dm-4 2393 0 123181 3898 7458300 0 582163952 416634193 0 6462126 416673184
