   8       0 sda 1055013814 613542 109356806410 1497107963 169064925 9669027 19518415757 637640272 0 1606393736 2134741741
   8       1 sda1 1055013627 613542 109356796266 1497107639 169064925 9669027 19518415757 637640272 0 1606422054 2135210353
   8      16 sdb 5921795273 6512831 425692405383 1461360198 116821752 31425375 22523350357 1689172052 0 853497127 3147407312
   8      17 sdb1 2246 8 471613 842 1134 18 586632 58382 0 16230 59222
   8      18 sdb2 5921792879 6512823 425691924314 1461359326 107480941 31425357 22522763725 1608523211 0 849859402 3066441658
 253       0 dm-0 5920717908 0 425236986033 1486692903 111461110 0 20476949141 3780957641 0 841113255 973894057
 253       1 dm-1 5186685 0 41503856 2273208 13299519 0 106396152 1378501476 0 2836054 1383499788
 253       2 dm-2 1055658104 0 109356794162 1499115057 178734190 0 19518415757 665863563 0 1606460861 2170270364
 253       3 dm-3 2452285 0 413306428 1826183 6792378 0 1357258046 329981233 0 13693881 331809772
 253       4 dm-4 2393 0 123181 3898 7458230 0 582160386 416634018 0 6462051 416673009
