   8       0 sda 1055013811 613542 109356806386 1497107934 169063454 9668880 19518177603 637640052 0 1606393646 2134741495
   8       1 sda1 1055013624 613542 109356796242 1497107610 169063454 9668880 19518177603 637640052 0 1606421964 2135210107
   8      16 sdb 5921794492 6512831 425692369831 1461359871 116816179 31424851 22522472081 1689116438 0 853492581 3147351376
   8      17 sdb1 2246 8 471613 842 1134 18 586632 58382 0 16230 59222
   8      18 sdb2 5921792098 6512823 425691888762 1461358999 107476217 31424833 22521885449 1608469894 0 849855439 3066388018
 253       0 dm-0 5920717127 0 425236950481 1486692575 111457357 0 20476226193 3780911657 0 841110304 973847744
 253       1 dm-1 5186685 0 41503856 2273208 13299519 0 106396152 1378501476 0 2836054 1383499788
 253       2 dm-2 1055658101 0 109356794138 1499115028 178732572 0 19518177603 665863284 0 1606460775 2170270056
 253       3 dm-3 2452285 0 413306428 1826183 6791991 0 1357253115 329980312 0 13693435 331808851
 253       4 dm-4 2393 0 123181 3898 7457122 0 582009989 416624353 0 6460878 416663210
